     64 30
     64 31
     64 32
     64 33
     64 34
     64 35
     64 36
     64 37
     64 38
     64 39
     64 40
     64 41
     64 42
     64 43
     64 44
     64 45
     64 46
     64 47
     64 48
     64 49
     64 50
     64 51
     64 52
     64 53
     64 54
     64 55
     64 56
     64 57
     64 58
     64 59
     64 60
     64 61
     64 62
     64 63
     64 64
     64 65
     64 66
     64 67
     64 68
     64 69
     64 70
     64 71
     64 72
     64 73
     64 74
     64 75
     64 76
     64 77
     64 78
     64 79
     64 80
     64 81
     64 82
     64 83
     64 84
     64 85
     64 86
     64 87
     64 88
     64 89
     64 90
     64 91
     64 92
     64 93
     64 94
     64 95
     64 96
     64 97
     64 98
     64 99
     64 100
     75 101
     64 102
     64 103
     64 104
     64 105
     64 106
     64 107
     64 108
     64 109
     64 110
     64 111
     64 112
     64 113
     64 114
     64 115
     64 116
     64 117
     64 118
     64 119
     64 120
     64 121
     64 122
     64 123
     64 124
     64 125
     64 126
     64 127
     64 128
     64 129
     64 130
     64 131
     64 132
     64 133
     64 134
     64 135
     64 136
     64 137
     64 138
     64 139
     64 140
     64 141
     64 142
     64 143
     64 144
     64 145
     64 146
     64 147
     64 148
     64 149
     64 150
     64 151
     64 152
     64 153
     64 154
     64 155
     64 156
     64 157
     64 158
     64 159
     64 160
     64 161
     64 162
     64 163
     64 164
     64 165
     64 166
     64 167
     64 168
     64 169
     64 170
     64 171
     64 172
     64 173
     64 174
     64 175
     64 176
     64 177
     64 178
     64 179
     64 180
     64 181
     64 182
     64 183
     64 184
     64 185
     64 186
     64 187
     64 188
     64 189
     64 190
     64 191
     63 192
     36 193
     36 194
     36 195
     36 196
     36 197
     36 198
     36 199
     36 200
     36 201
     36 202
     36 203
     36 204
     36 205
     36 206
     36 207
     36 208
     36 209
     36 210
     36 211
     36 212
     36 213
     36 214
     36 215
     36 216
     36 217
     36 218
     36 219
     36 220
     36 221
     36 222
     36 223
     36 224
     36 225
     36 226
     36 227
     36 228
     36 229
     36 230
     36 231
     36 232
     36 233
     36 234
     36 235
     36 236
     36 237
     36 238
     36 239
     36 240
     36 241
     36 242
     36 243
     36 244
     36 245
     36 246
     36 247
     36 248
     36 249
     36 250
     36 251
     36 252
     36 253
     36 254
     36 255
     36 256
     36 257
     36 258
     36 259
     36 260
     36 261
     36 262
     36 263
     36 264
     36 265
     36 266
     36 267
     36 268
     36 269
     36 270
     36 271
     36 272
     36 273
     36 274
     36 275
     36 276
     36 277
     36 278
     36 279
     36 280
     36 281
     36 282
     36 283
     36 284
     36 285
     36 286
     36 287
     36 288
     36 289
     36 290
     36 291
     36 292
     24 293
     24 294
     24 295
     24 296
     24 297
     24 298
     24 299
     24 300
     24 301
     24 302
     24 303
     24 304
     24 305
     24 306
     24 307
     24 308
     24 309
     24 310
     24 311
     24 312
     24 313
     24 314
     24 315
     24 316
     24 317
     24 318
     24 319
     24 320
     24 321
     24 322
     24 323
     24 324
     24 325
     24 326
     24 327
     24 328
     24 329
     24 330
     24 331
     24 332
     24 333
     24 334
     24 335
     24 336
     24 337
     24 338
     24 339
     24 340
     24 341
     24 342
     24 343
     24 344
     24 345
     24 346
     24 347
     24 348
     24 349
     24 350
     24 351
     24 352
     24 353
     24 354
     24 355
     24 356
     24 357
     24 358
     24 359
     24 360
     24 361
     24 362
     24 363
     24 364
     24 365
     24 366
     24 367
     24 368
     24 369
     24 370
     24 371
     24 372
     24 373
     24 374
     24 375
     24 376
     24 377
     24 378
     24 379
     24 380
     24 381
     24 382
     24 383
     24 384
     24 385
     24 386
     24 387
     24 388
     24 389
     24 390
     24 391
     24 392
     24 393
     24 394
     24 395
     24 396
     24 397
     24 398
     24 399
     24 400
     24 401
     24 402
     24 403
     24 404
     24 405
     24 406
     24 407
     24 408
     24 409
     24 410
     24 411
     24 412
     24 413
     24 414
     24 415
     24 416
     24 417
     24 418
     24 419
     24 420
     24 421
     24 422
     24 423
     24 424
     24 425
     24 426
     24 427
     24 428
     24 429
     24 430
     24 431
     24 432
     24 433
     24 434
     24 435
     24 436
     24 437
     24 438
     24 439
     24 440
     24 441
     24 442
     24 443
     24 444
     24 445
     24 446
     24 447
     24 448
     24 449
     24 450
     24 451
     24 452
     24 453
     24 454
     24 455
     24 456
     24 457
     24 458
     24 459
     24 460
     24 461
     24 462
     24 463
     24 464
     24 465
     24 466
     24 467
     24 468
     24 469
     24 470
     24 471
     24 472
     24 473
     24 474
     24 475
     24 476
     24 477
     24 478
     24 479
     24 480
     24 481
     24 482
     24 483
     24 484
     24 485
     24 486
     24 487
     24 488
     24 489
     24 490
     24 491
     24 492
